
0.0 0.0 76.021
0.0 0.2 76.768
0.0 0.4 77.559
0.0 0.6 78.146
0.0 0.8 78.788
0.0 1.0 79.451
0.0 1.2 80.060
0.0 1.4 80.645
0.0 1.6 81.262
0.0 1.8 81.814
0.0 2.0 82.404
0.0 2.2 82.929
0.0 2.4 83.183
0.0 2.6 83.320
0.0 2.8 83.625
0.0 3.0 83.917
0.0 3.2 84.414
0.0 3.4 84.639
0.0 3.6 84.925
0.0 3.8 85.151
0.0 4.0 85.310
0.0 4.2 85.587
0.0 4.4 85.698
0.0 4.6 85.850
0.0 4.8 85.928
0.0 5.0 86.137
0.0 5.2 86.446
0.0 5.4 86.522
0.0 5.6 86.896
0.0 5.8 87.053
0.0 6.0 87.089
0.2 0.0 77.163
0.2 0.2 78.024
0.2 0.4 78.699
0.2 0.6 79.310
0.2 0.8 80.011
0.2 1.0 80.639
0.2 1.2 81.239
  
  
  
  
  
  
  
  
  
  
  
  
  
  
  
  
  
  
  
  
  
  
  
  
  
  
  
  
  
  
  
